 NORTH-POLE       11 59 59.998 +89 59 59.984                
 PSEUDO-POLE      11 59 59.998 +89 59 59.984                
 CASS-A           23 21 13.002 +58 32 34.994                
 CRAB             05 31 31.000 +21 58 59.998                
 CYGNUS-A         19 57 44.400 +40 35 46.194                
 VIRGO            12 28 18.302 +12 39 49.001                
 3C6.1            00 13 35.000 +79 00 09.995                
 3C9              00 17 49.944 +15 24 16.205                
 3C10             00 22 40.700 +63 54 05.995                
 3C11.1           00 26 54.150 +63 42 08.792                
 3C13             00 31 32.330 +39 07 54.897                
 3C14             00 33 29.390 +18 21 34.694                
 3C14.1           00 34 31.700 +60 13 12.007                
 3C16             00 35 08.430 +13 03 30.903                
 3C19             00 38 13.870 +32 53 42.702                
 3C20             00 40 18.000 +51 47 12.806       42.9     
 3C21.1           00 41 38.700 +66 02 12.023                
 3C22             00 48 05.700 +50 55 45.992                
 3C27             00 52 48.090 +68 06 15.509                
 3C28             00 53 08.400 +26 08 25.001                
 3C31             01 04 40.000 +32 08 30.005                
 3C33             01 06 15.000 +13 04 22.502                
 3C33.1           01 06 06.480 +72 55 59.214                
 3C33.2           01 05 09.000 +69 03 24.007                
 3C34             01 07 32.510 +31 31 21.902                
 3C35             01 09 05.000 +49 12 48.995                
 3C35N            01 09 10.000 +49 17 29.995                
 3C36             01 15 03.170 +45 20 38.696                
 3C41             01 23 54.910 +32 57 42.688                
 3C42             01 25 43.080 +28 47 31.691                
 3C43             01 27 15.090 +23 22 51.506                
 3C46             01 32 35.000 +37 38 59.990                
 3C47             01 33 40.400 +20 42 10.001                
 3C48             01 34 49.826 +32 54 20.520                
 3C49             01 38 28.530 +13 38 22.299                
 3C54             01 52 26.300 +43 31 23.993                
 3C55             01 54 19.500 +28 37 04.803                
 3C58             02 01 48.800 +64 35 14.010                
 3C61.1           02 10 50.000 +86 05 09.982                
 3C65             02 20 36.790 +39 47 19.911                
 3C66             02 20 02.600 +42 45 56.002                
 3C67             02 21 18.100 +27 36 41.403                
 3C68.1           02 29 26.949 +34 10 55.677                
 3C68.2           02 31 24.600 +31 21 15.004                
 3C69             02 34 18.501 +58 58 44.982                
 3C76.1           03 00 27.299 +16 14 34.994                
 3C79             03 07 11.151 +16 54 40.996                
 3C82             03 11 23.099 +43 02 58.989                
 3C83.1B          03 14 56.999 +41 40 45.000                
 3C84             03 16 29.563 +41 19 51.936                
 3C86             03 23 42.001 +55 10 59.994                
 3C92             03 37 00.800 +31 59 23.005                
 3C93             03 40 51.561 +04 48 21.761                
 3C93.1           03 45 35.716 +33 44 06.741                
 3C98             03 56 10.250 +10 17 32.899                
 3C103            04 04 35.000 +42 51 35.990                
 3C109            04 10 54.869 +11 04 41.402                
 3C111            04 15 00.500 +37 54 20.491                
 3C119            04 29 07.898 +41 32 08.490                
 3C120            04 30 31.592 +05 15 00.391                
 3C123            04 33 55.301 +29 34 11.998                
 3C129            04 45 28.000 +44 56 09.990                
 3C129.1          04 46 29.301 +44 57 57.000                
 3C130            04 48 56.899 +51 59 55.989                
 3C131            04 50 11.399 +31 24 41.992                
 3C132            04 53 42.370 +22 44 42.398                
 3C133            04 59 54.351 +25 12 11.606                
 3C136.1          05 12 58.900 +24 55 07.401                
 3C138            05 18 16.527 +16 35 26.853                
 3C141            05 23 27.200 +32 47 36.011                
 3C147            05 38 43.505 +49 49 42.837                
 3C152            06 01 30.098 +20 21 48.005                
 3C153            06 05 44.411 +48 04 48.996                
 3C157            06 14 00.001 +22 29 59.996                
 3C158            06 18 50.069 +14 33 41.298                
 3C166            06 42 24.639 +21 24 47.998                
 3C169.1          06 47 36.099 +45 12 59.994                
 3C171            06 51 11.060 +54 12 49.705                
 3C172            06 59 03.900 +25 18 12.002                
 3C173            06 58 56.432 +38 01 45.399                
 3C173.1          07 02 47.909 +74 54 16.590                
 3C175.1          07 11 14.299 +14 41 33.806                
 3C179            07 23 04.298 +67 54 52.976                
 3C181            07 25 20.602 +14 43 59.002                
 3C184            07 33 59.692 +70 30 04.218                
 3C184.1          07 34 25.100 +80 33 24.608                
 3C186            07 40 56.981 +38 00 33.108                
 3C190            07 58 45.232 +14 23 11.803                
 3C191            08 02 03.803 +10 23 59.101                
 3C192            08 02 35.408 +24 18 26.899                
 3C194            08 06 38.337 +42 36 57.411                
 3C196            08 09 59.296 +48 22 06.048                
 3C197.1          08 18 01.109 +47 12 10.998                
 3C198            08 19 52.099 +06 06 45.001                
 3C200            08 24 21.637 +29 28 41.108                
 3C202            08 31 58.508 +17 11 07.002                
 3C204            08 33 18.025 +65 24 04.440                
 3C205            08 35 09.939 +58 04 51.767                
 3C207            08 38 01.732 +13 23 05.399                
 3C208            08 50 23.117 +14 04 19.002                
 3C208.1          08 51 53.367 +14 17 18.500                
 3C210            08 55 11.099 +28 02 26.605                
 3C211            08 54 33.698 +34 15 42.996                
 3C212            08 55 55.713 +14 21 21.805                
 3C213.1          08 58 05.253 +29 13 37.597                
 3C215            09 03 44.341 +16 58 21.299                
 3C216            09 06 17.263 +43 05 59.126                
 3C217            09 05 41.429 +38 00 32.199                
 3C219            09 17 50.998 +45 51 42.002                
 3C220.1          09 26 34.979 +79 19 47.006                
 3C220.2          09 27 29.992 +36 14 39.098                
 3C220.3          09 31 10.563 +83 28 55.400                
 3C221            09 31 59.701 +39 55 30.996                
 3C223            09 36 49.998 +36 07 30.001                
 3C223.1          09 38 18.301 +39 58 22.010                
 3C225B           09 39 32.211 +13 59 33.300                
 3C226            09 41 36.643 +09 59 58.001                
 3C227            09 45 06.611 +07 39 17.100                
 3C228            09 47 27.848 +14 33 55.006                
 3C231            09 51 43.498 +69 55 00.017                
 3C232            09 55 25.406 +32 38 23.061                
 3C234            09 58 57.701 +29 01 47.992                
 3C236            10 03 05.372 +35 08 48.091                
 3C237            10 05 22.059 +07 44 59.301                
 3C239            10 08 39.378 +46 43 11.398                
 3C241            10 19 09.412 +22 14 42.396                
 3C244.1          10 30 19.752 +58 30 05.200                
 3C245            10 40 06.058 +12 19 09.399                
 3C247            10 56 08.091 +43 17 27.388                
 3C249.1          11 00 27.315 +77 15 08.605                
 3C250            11 06 10.999 +25 17 10.002                
 3C252            11 08 48.000 +35 57 00.998                
 3C254            11 11 53.110 +40 53 41.703                
 3C256            11 18 04.222 +23 44 22.805                
 3C258            11 22 06.273 +19 36 05.396                
 3C263            11 37 10.500 +66 04 24.015                
 3C263.1          11 40 49.392 +22 23 35.798                
 3C264            11 42 29.602 +19 53 16.006                
 3C265            11 42 52.001 +31 50 23.997                
 3C266            11 43 04.387 +50 02 47.192                
 3C267            11 47 22.109 +13 04 00.200                
 3C268.1          11 57 48.117 +73 17 30.612                
 3C268.2          11 58 25.000 +31 50 07.006                
 3C268.3          12 03 54.082 +64 30 18.454                
 3C268.4          12 06 41.987 +43 56 01.011                
 3C270.1          12 18 03.880 +33 59 48.611                
 3C272            12 21 59.997 +42 22 59.995                
 3C272.1          12 22 31.497 +13 09 49.999                
 3C273            12 26 33.292 +02 19 42.000                
 3C274            12 28 18.302 +12 39 49.001                
 3C274.1          12 32 57.000 +21 37 04.995                
 3C275.1          12 41 27.861 +16 39 13.499                
 3C276            12 49 58.997 +47 31 54.008                
 3C277.1          12 50 15.193 +56 50 36.347                
 3C277.2          12 51 04.200 +15 58 51.194                
 3C277.3          12 51 45.902 +27 53 52.000                
 3C280            12 54 41.072 +47 36 31.000                
 3C280.1          12 58 13.400 +40 25 19.994                
 3C284            13 08 41.330 +27 44 02.597                
 3C285            13 19 05.220 +42 50 55.689                
 3C286            13 28 49.657 +30 45 58.705                
 3C287            13 28 15.921 +25 24 37.577                
 3C288            13 36 38.638 +39 06 24.411                
 3C288.1          13 40 29.910 +60 36 48.512                
 3C289            13 43 27.722 +50 01 31.409                
 3C293            13 50 03.200 +31 41 36.594                
 3C293.1          13 52 16.333 +16 29 38.001                
 3C294            14 04 34.118 +34 25 39.493                
 3C295            14 09 33.372 +52 26 13.205                
 3C296            14 14 25.957 +11 02 15.100                
 3C298            14 16 38.821 +06 42 23.500                
 3C299            14 19 06.380 +41 58 30.895                
 3C300            14 20 38.899 +19 49 26.999                
 3C303            14 41 23.119 +52 14 20.011                
 3C303.1          14 43 53.831 +77 20 03.079                
 3C305            14 48 17.448 +63 28 33.579                
 3C305.1          14 47 49.469 +77 08 45.808                
 3C309.1          14 58 56.642 +71 52 11.150                
 3C310            15 02 46.943 +26 12 34.699                
 3C311            15 02 59.001 +60 12 30.994                
 3C314.1          15 10 11.408 +70 57 09.284                
 3C315            15 11 30.833 +26 18 39.005                
 3C318            15 17 50.620 +20 26 53.028                
 3C319            15 22 43.795 +54 38 38.693                
 3C320            15 29 29.725 +35 43 49.488                
 3C321            15 29 40.833 +24 12 47.895                
 3C322            15 33 46.195 +55 46 45.996                
 3C323            15 40 48.399 +60 25 07.981                
 3C324            15 47 37.384 +21 34 39.504                
 3C325            15 49 14.296 +62 50 19.799                
 3C326            15 49 50.006 +20 13 59.996                
 3C326.1          15 53 57.204 +20 12 57.996                
 3C327            15 59 55.661 +02 06 12.299                
 3C329            16 08 10.005 +33 06 25.001                
 3C330            16 09 13.896 +66 04 22.294                
 3C334            16 18 07.333 +17 43 29.594                
 3C336            16 22 32.405 +23 51 59.994                
 3C337            16 27 19.077 +44 25 38.207                
 3C338            16 26 55.380 +39 39 37.004                
 3C340            16 27 29.410 +23 26 42.602                
 3C341            16 26 02.425 +27 48 13.906                
 3C343            16 34 01.059 +62 51 41.827                
 3C343.1          16 37 55.287 +62 40 34.245                
 3C344            16 41 20.495 +37 35 01.996                
 3C345            16 41 17.596 +39 54 10.812                
 3C346            16 41 34.527 +17 21 16.494                
 3C347            16 42 22.065 +13 10 48.102                
 3C348            16 48 39.996 +05 04 29.999                
 3C349            16 58 04.434 +47 07 20.310                
 3C351            17 04 03.494 +60 48 30.912                
 3C350            17 03 22.002 +38 44 28.007                
 3C352            17 09 17.889 +46 05 04.699                
 3C356            17 23 06.665 +51 00 18.090                
 3C363            17 47 29.698 +59 44 15.997                
 3C364            17 54 02.396 +37 43 00.492                
 3C365            17 56 13.234 +13 28 50.397                
 3C368            18 02 45.669 +11 01 14.402                
 3C371            18 07 18.531 +69 48 57.088                
 3C380            18 28 13.472 +48 42 40.400                
 3C381            18 32 24.473 +47 24 39.010                
 3C382            18 33 11.932 +32 39 18.902                
 3C386            18 36 12.853 +17 09 06.702                
 3C388            18 42 35.597 +45 30 21.989                
 3C390.3          18 45 29.999 +79 43 09.987                
 3C394            18 57 03.794 +12 53 17.999                
 3C395            19 01 02.297 +31 55 13.996                
 3C399.1          19 13 59.995 +30 13 24.004                
 3C401            19 39 38.866 +60 34 30.520                
 3C405            19 57 44.400 +40 35 46.194                
 3C408            20 07 35.604 +52 04 37.997                
 3C409            20 12 18.105 +23 25 34.996                
 3C418            20 37 07.445 +51 08 35.593                
 3C427.1          21 04 45.902 +76 21 02.013                
 3C430            21 17 01.504 +60 35 29.976                
 3C431            21 17 09.700 +49 24 05.996                
 3C432            21 20 25.491 +16 51 48.999                
 3C433            21 21 30.589 +24 51 11.301                
 3C434            21 20 54.394 +15 35 11.702                
 3C435.1          21 34 39.997 +84 10 00.021                
 3C436            21 41 58.305 +27 56 16.004                
 3C437            21 45 01.297 +15 06 53.497                
 3C437.1          21 48 30.006 +14 09 59.998                
 3C438            21 53 45.659 +37 46 14.398                
 3C441            22 03 48.718 +29 14 51.511                
 3C442            22 12 17.999 +13 35 59.998                
 3C442A           22 12 20.399 +13 35 31.002                
 3C449            22 29 07.603 +39 06 03.388                
 3C452            22 43 32.810 +39 25 28.006                
 3C454            22 49 07.793 +18 32 46.494                
 3C454.1          22 48 58.535 +71 13 23.979                
 3C454.3          22 51 29.516 +15 52 54.228                
 3C455            22 52 34.351 +12 57 39.500                
 3C456            23 09 56.649 +09 03 28.501                
 3C457            23 09 38.526 +18 29 22.002                
 3C460            23 18 59.895 +23 30 23.605                
 3C461            23 21 13.002 +58 32 34.994                
 3C462            23 24 30.498 +40 31 36.988                
 3C465            23 35 56.004 +26 43 59.999                
 3C469.1          23 52 58.697 +79 38 35.184                
 3C470            23 56 02.476 +43 47 56.909                
                  00 00 00.000 +00 00 00.000                
 4C60.01          00 12 07.100 +60 59 47.986                
 4C32.01          00 12 30.400 +31 59 32.005                
 4C25.5           01 23 57.249 +25 43 27.759                
 4C39.04          01 36 32.300 +39 41 54.996                
 4C40.08          01 57 25.000 +40 33 04.007                
 4C29.05          01 58 43.400 +29 19 19.011                
 4C29.06          02 04 11.600 +29 16 53.003                
 4C35.03          02 06 39.201 +35 33 40.992                
 4C77.03          02 23 26.301 +77 29 50.994                
 4C13.14          02 29 02.539 +13 09 40.501                
 4C74.05          03 28 50.100 +74 00 28.981                
 4C72.06          03 49 19.101 +72 45 47.005                
 4C76.02.1        03 55 33.000 +76 10 44.985                
 4C74.08          04 07 06.201 +74 43 24.990                
 4C72.07          04 28 38.198 +72 22 58.006                
 4C26.23          06 32 29.999 +26 19 24.002                
 4C44.15          06 59 16.499 +44 35 37.998                
 4C42.23          07 03 11.600 +42 36 41.011                
 4C33.21          07 32 41.801 +33 13 50.007                
 4C56.16          07 45 46.000 +56 01 54.007                
 4C37.21          07 55 43.603 +37 56 34.008                
 4C38.23          08 11 53.197 +38 49 58.995                
 4C52.18          08 16 01.897 +52 42 56.006                
 4C34.28          08 22 04.400 +34 17 18.006                
 4C39.23.2        08 22 06.701 +39 29 06.993                
 4C38.25          08 23 50.603 +37 58 17.994                
 4C35.20          08 24 27.401 +35 34 35.997                
 4C55.16          08 31 04.374 +55 44 41.356                
 4C37.25          08 47 13.102 +37 58 05.994                
 4C41.19          09 04 19.702 +41 46 58.994                
 4C39.24          09 05 00.998 +39 54 59.989                
 4C38.27          09 08 54.001 +38 03 52.990                
 4C58.18          09 13 14.103 +58 51 24.008                
 4C53.18          09 19 19.202 +53 15 11.995                
 4C36.14          09 22 34.797 +36 40 36.004                
 4C39.25          09 23 55.317 +39 15 23.592                
 4C38.30          09 55 02.699 +38 44 29.999                
 4C25.29          09 50 48.301 +25 30 28.999                
 4C20.20          10 00 11.599 +20 06 30.995                
 4C32.34          10 01 38.800 +32 06 26.988                
 4C41.21          10 07 26.097 +41 47 24.001                
 4C39.30          10 14 19.502 +39 45 58.006                
 4C37.27          10 18 02.498 +37 20 54.006                
 4C39.31          10 19 59.088 +39 23 57.790                
 4C39.32          10 25 47.198 +38 59 59.992                
 4C36.17          10 36 00.197 +36 16 53.992                
 4C39.33          10 42 23.492 +39 12 24.611                
 4C37.28          10 43 22.262 +37 14 33.103                
 4C35.23          10 45 46.103 +35 13 00.002                
 4C37.29          11 07 03.501 +37 54 52.998                
 4C34.34          11 13 48.303 +34 58 48.200                
 4C20.25          11 23 21.803 +20 22 21.999                
 4C37.30          11 25 49.741 +37 45 26.893                
 4C37.31          11 29 55.831 +37 10 48.190                
 4C23.28          11 38 58.999 +23 26 42.996                
 4C35.26          11 41 13.948 +35 25 08.392                
 4C36.19          11 48 13.601 +36 38 54.010                
 4C38.31          11 48 53.402 +38 42 33.497                
 4C22.33          12 04 00.600 +22 32 29.004                
 4C37.33          12 04 21.248 +37 08 19.896                
 4C35.27          12 04 59.442 +35 19 51.788                
 4C39.35          12 05 19.303 +39 12 43.003                
 4C53.24          12 13 01.498 +53 52 36.008                
 4C35.28          12 13 24.802 +35 04 33.008                
 4C36.20          12 17 39.442 +36 45 42.994                
 4C34.37          12 30 14.098 +34 59 28.010                
 4C36.22          12 55 02.002 +37 00 24.006                
 4C38.35          13 01 24.779 +38 12 18.508                
 4C38.36          13 02 38.873 +38 48 29.689                
 4C29.47          13 16 43.799 +29 54 26.998                
 4C36.23          13 17 31.803 +36 17 41.989                
 4C36.24          13 22 35.299 +36 38 21.996                
 4C41.26          13 33 12.998 +41 15 23.010                
 4C39.40          13 41 10.268 +39 13 30.312                
 4C38.37          13 43 26.719 +38 38 08.702                
 4C37.39          13 43 43.262 +37 10 08.799                
 4C39.41          13 54 07.277 +39 44 48.002                
 4C35.32          14 01 10.169 +35 23 01.588                
 4C35.32          14 01 14.366 +35 22 17.624                
 4C25.46          14 30 26.699 +25 08 24.997                
 4C04.49          14 56 29.143 +04 28 10.249                
 4C37.42          15 08 13.677 +38 01 11.909                
 4C35.37          15 31 44.196 +35 54 40.990                
 4C37.43          15 12 46.868 +37 01 55.083                
 4C72.20          15 20 56.694 +72 35 46.009                
 4C34.40          15 27 59.304 +34 59 54.000                
 4C34.42          15 39 31.302 +34 20 29.011                
 4C37.45          15 42 53.703 +37 22 36.000                
 4C30.29          15 47 12.704 +30 56 20.996                
 4C24.35          15 53 42.595 +24 15 05.001                
 4C70.19          15 57 37.099 +70 49 45.016                
 4C65.19          15 57 56.901 +65 38 52.976                
 4C24.36          16 02 48.398 +24 03 56.005                
 4C39.43          16 08 57.949 +39 04 43.893                
 4C39.44          16 11 58.699 +39 15 32.001                
 4C35.40          16 15 29.100 +35 16 17.990                
 4C36.28          16 28 57.300 +36 19 48.006                
 4C39.46          16 32 19.806 +39 06 29.993                
 4C37.50          16 46 00.006 +37 53 30.011                
 4C75.06          16 50 21.498 +75 51 30.989                
 4C39.49.1        17 09 17.600 +39 45 26.409                
 4C39.50          17 41 06.298 +39 02 02.001                
 4C48.45          18 06 30.403 +48 28 50.999                
 4C21.53          19 37 29.798 +21 30 21.999                
 4C10.58          19 39 33.201 +10 19 18.003                
 4C51.40          19 57 09.806 +51 42 17.004                
 4C06.69          21 45 36.089 +06 43 45.500                
 4C31.63          22 01 01.436 +31 31 05.870                
 4C53.50          22 29 22.304 +53 54 00.003                
 4C36.47          22 44 13.096 +36 40 42.004                
 4C11.72          22 51 40.597 +11 20 35.000                
 4C35.56          22 54 23.302 +35 25 30.005                
 4C39.72          23 03 43.701 +39 11 10.009                
 4C25.60          23 39 20.897 +25 54 07.003                
 4C29.70          23 42 33.003 +29 26 10.011                
                  00 00 00.000 +00 00 00.000                
 5C1              09 40 00.000 +49 59 59.989                
 5C2              10 59 59.999 +49 40 00.012                
 5C3              00 40 00.000 +41 00 00.000                
 5C4              12 57 00.002 +28 15 00.002                
 5C5              09 40 00.000 +47 00 00.001                
 5C6              02 14 00.000 +32 00 00.011                
 5C7              08 16 59.998 +27 00 00.003                
 5C8              20 43 35.998 +30 12 00.009                
 5C9              05 00 00.000 +88 30 00.015                
 5C10             11 33 42.001 +55 15 00.005                
 5C11             15 04 59.997 +42 00 00.004                
 5C12             12 58 42.999 +35 13 59.998                
 5C13             15 59 41.996 +41 56 05.994                
 5C14             12 58 42.999 +35 54 00.001                
 5C15             12 55 59.999 +34 53 59.997                
 5C16             13 01 35.998 +34 53 59.997                
 5C17             01 40 00.000 +60 00 00.006                
 5C18             23 40 00.003 +35 29 59.989                
 5C19             16 59 59.994 +70 59 59.978                
                  00 00 00.000 +00 00 00.000                
 M100             12 20 24.003 +16 05 59.996                
 CTD93            16 07 09.300 +26 49 18.005                
                  00 00 00.000 +00 00 00.000                
 NGC507           01 20 51.100 +32 59 40.000                
 NGC891           02 19 24.200 +42 07 19.011                
 NGC972           02 31 16.800 +29 05 30.003                
 NGC984           02 31 51.200 +23 11 40.001                
 NGC1167          02 58 35.300 +35 00 31.006                
 NGC2749          09 02 32.397 +18 30 53.005                
 NGC2892          09 28 40.001 +67 50 29.976                
 NGC2964          09 39 56.400 +32 04 35.011                
 NGC2968          09 40 13.802 +32 09 36.001                
 NGC3121          10 04 10.102 +14 37 00.995                
 NGC3332          10 37 51.102 +09 26 39.999                
 NGC3448          10 51 36.003 +54 35 00.002                
 NGC3569          11 09 24.397 +35 43 27.998                
 NGC3593          11 11 59.201 +13 05 28.000                
 NGC3801          11 37 40.498 +18 00 20.005                
 NGC3822          11 39 36.000 +10 33 00.002                
 NGC3813          11 38 40.101 +36 49 26.997                
 NGC3826          11 39 56.398 +26 46 01.000                
 NGC4414          12 23 58.200 +31 30 04.989                
 NGC4552          12 33 08.403 +12 49 56.003                
 NGC4793          12 52 15.901 +29 12 30.003                
 NGC4827          12 54 17.998 +27 27 00.003                
 NGC5127          13 21 25.998 +31 49 31.008                
 NGC5296          13 44 13.798 +44 06 05.991                
 NGC5297          13 44 19.201 +44 07 24.010                
 NGC5318          13 48 23.402 +33 57 15.005                
 NGC5322          13 47 36.002 +60 26 30.008                
 NGC5352          13 51 27.798 +36 22 47.995                
 NGC5953          15 32 13.204 +15 21 40.005                
 NGC6251          16 36 19.005 +82 39 56.019                
 NGC6946          20 33 47.994 +59 58 54.010                
 NGC7052          21 16 20.798 +26 14 14.996                
 NGC7318          22 33 39.194 +33 42 26.001                
 NGC7385          22 47 25.006 +11 20 38.000                
 NGC7485          23 03 41.800 +33 50 19.997                
 NGC7728          23 37 30.097 +26 51 23.001                
                  00 00 00.000 +00 00 00.000                
 IC342            03 41 56.600 +67 56 33.003                
 IC1871           02 59 22.000 +60 16 14.996                
                  00 00 00.000 +00 00 00.000                
 0000+90          00 00 00.000 +89 59 59.984                
 0000+625         00 00 53.000 +62 31 09.984                
 0016+16          00 15 58.400 +16 09 41.995                
 0115+02          01 15 43.630 +02 42 19.910                
 0119+61          01 19 56.000 +61 32 37.982                
 0125+628         01 25 08.500 +62 50 59.977                
 0202+31          02 02 09.642 +31 58 10.297                
 0235+16          02 35 52.616 +16 24 04.037                
 0242+36          02 42 36.000 +36 40 00.006                
 ALGOL            03 04 54.380 +40 45 52.354                
 PERSEUS          03 15 30.001 +41 29 59.990                
 0343+75          03 43 00.000 +75 02 59.984                
 2247+59          22 47 30.002 +59 38 59.000                
 0407+51          04 07 19.800 +51 01 45.995                
 0428+20          04 28 06.856 +20 31 09.168                
 0433+50          04 32 59.999 +50 46 20.009                
 0503+46          05 03 41.999 +46 42 59.988                
 0531+19          05 31 47.347 +19 25 24.762                
 0615+55          06 15 23.101 +55 38 01.003                
 0618+38          06 18 08.999 +38 22 18.989                
 0717+55          07 17 24.001 +55 50 59.997                
 0735+17          07 35 14.113 +17 49 09.016                
 0742+10          07 42 48.450 +10 18 32.379                
 0744+55          07 44 39.997 +55 57 59.996                
 0758+18          07 58 14.997 +18 07 29.999                
 0822+34          08 22 34.949 +34 34 14.404                
 0823+26          08 23 50.518 +26 47 18.098                
 0825+34          08 25 15.903 +34 53 00.000                
 0826+66          08 26 17.997 +66 04 00.017                
 0835+37          08 35 09.598 +37 18 29.990                
 0854+39          08 54 30.302 +39 56 42.008                
 0857+39          08 57 40.697 +39 08 06.011                
 0901+35          09 01 24.192 +35 51 00.012                
 0902+34          09 02 24.798 +34 19 58.005                
 0903+17          09 03 49.599 +17 34 14.001                
 0908+37          09 08 44.100 +37 37 29.995                
 0913+39          09 13 38.403 +39 07 17.990                
 0919+38          09 19 08.252 +38 06 30.997                
 0927+35          09 27 51.703 +35 17 24.010                
 0929+389         09 29 59.000 +38 55 00.010                
 0943+399         09 43 12.001 +39 58 00.003                
 0951+378         09 51 35.997 +37 48 00.006                
 0952+35          09 52 47.698 +35 47 41.999                
 0957+561         09 57 57.351 +56 08 19.902                
 0959+67          09 59 12.002 +67 25 00.019                
 1011+36          10 11 16.798 +36 32 15.993                
 1016+36          10 16 58.600 +36 37 50.990                
 1028+352         10 28 53.003 +35 17 36.993                
 1030+07          10 30 51.599 +07 23 37.001                
 1046+35          10 45 59.997 +35 49 59.991                
 1046+46          10 45 59.997 +46 43 11.398                
 1049+38          10 49 22.988 +38 27 37.191                
 1056+39          10 56 23.651 +39 41 05.400                
 1100+35          11 00 41.098 +35 05 43.995                
 1101+38          11 01 41.101 +38 28 42.007                
 1104+36          11 04 41.798 +36 32 24.009                
 1106+37          11 06 43.437 +38 00 47.321                
 1108+39          11 08 33.358 +39 56 30.205                
 1117+55          11 17 24.001 +55 50 59.997                
 1130+35          11 30 00.002 +35 02 59.989                
 1134+369         11 34 27.999 +36 56 32.012                
 1132+37          11 32 26.399 +37 25 14.302                
 1143+37          11 43 01.338 +37 03 17.701                
 1148+38          11 48 54.399 +38 42 54.004                
 1159+36          11 59 20.918 +36 51 19.588                
 1201+75          12 01 00.001 +75 10 00.008                
 1201+39          12 01 33.802 +39 28 59.001                
 1204+34          12 04 59.101 +34 09 24.010                
 1205+39          12 05 18.930 +39 12 26.012                
 1207+38          12 07 37.380 +38 37 48.711                
 1210+121         12 09 59.870 +12 07 52.799                
 1212+381         12 12 26.517 +38 05 17.403                
 1220+37          12 20 42.598 +37 23 59.995                
 1225+36          12 25 30.797 +36 51 47.005                
 1226+44          12 25 44.901 +44 23 22.994                
 1232+39          12 32 38.083 +39 41 59.004                
 1245+34          12 45 23.703 +34 21 23.992                
 1246+35          12 46 30.997 +35 13 59.998                
 1246+385         12 46 47.999 +38 33 14.990                
 1252+11          12 52 07.678 +11 57 19.499                
 1256+36          12 56 44.383 +36 48 14.190                
 1257+365         12 57 08.001 +36 33 00.007                
 1257+34          12 57 31.318 +34 13 02.407                
 1258+37          12 58 42.999 +37 43 59.996                
 1301+35          13 01 32.628 +35 26 01.504                
 1308-01          13 08 29.999 -01 00 00.000                
 1312+36          13 12 26.201 +36 54 53.707                
 1313+38          13 13 08.448 +38 46 52.490                
 1318+378         13 18 21.203 +37 48 36.004                
 1318+345         13 18 47.798 +34 30 42.007                
 1326+37          13 26 21.397 +37 03 24.389                
 1336+397         13 36 58.027 +39 41 36.407                
 1412+35          14 12 17.637 +35 12 42.789                
 1419+52          14 19 33.368 +52 26 13.205                
 1430+48          14 30 41.997 +48 34 18.004                
 1432+38          14 32 55.799 +38 18 17.995                
 1438+385         14 38 23.700 +38 33 05.991                
 1452+171         14 52 27.321 +17 07 08.246                
 1456+359         14 56 42.598 +35 54 59.997                
 1504+37          15 04 13.108 +37 42 21.494                
 1505+369         15 05 42.769 +36 52 08.299                
 1540+664         15 40 26.000 +66 28 47.976                
 1543+00          15 43 36.245 +00 35 40.700                
 1616+36          16 16 35.404 +36 39 36.008                
 1620+103         16 20 12.335 +10 20 11.901                
 1635+66          16 35 41.997 +66 20 00.008                
 1637+826         16 37 57.005 +82 38 18.501                
 1647+35          16 47 47.094 +35 13 30.000                
 1650+024         16 50 27.806 +02 29 20.000                
 1719+35          17 19 22.901 +35 45 42.006                
 1745+16          17 45 56.104 +16 20 10.998                
 1837+049         18 37 29.399 +04 59 28.999                
 1849+00          18 49 13.501 +00 31 47.000                
 1853+022         18 53 54.703 +02 17 44.001                
 1854+01          18 54 35.003 +01 34 00.000                
 1857+03          18 57 52.394 +03 46 20.999                
 1909+16          19 09 43.302 +16 06 34.002                
 1910+05          19 10 26.998 +05 13 16.999                
 1919+43          19 19 12.002 +43 51 59.992                
 1952+27          19 52 56.995 +27 04 39.994                
 K3-50            19 59 54.006 +33 24 19.993                
 2005+40          20 05 59.557 +40 21 01.789                
 2030+40          20 30 30.000 +40 05 30.000                
 CYGNUS-X3        20 30 37.619 +40 47 12.784                
 2032+45          20 32 00.998 +45 30 00.007                
 CL4              20 48 47.376 +31 16 10.940                
 2130+55          21 30 30.006 +55 39 26.006                
 2134+004         21 34 05.232 +00 28 25.700                
 BL-LAC           22 00 39.405 +42 02 08.505                
 2236+161         22 36 55.903 +16 11 03.998                
 2256+58          22 56 41.995 +58 30 47.985                
 2316+004         23 16 41.005 +16 54 31.001                
 2317+259         23 17 23.402 +25 59 21.001                
 2322+282         23 22 52.694 +28 13 22.004                
 2348+269         23 48 23.998 +26 53 00.003                
 2350+60          23 50 26.994 +60 12 06.011                
